0  -0  0  0  0  0  
-0.000534782  0.00109194  -0.000174666  -1.66515e-05  0.0261272  0.0170907  
9.87036e-05  0.000470866  -0.000321886  0.0036231  -0.0464355  0.0562437  
-0.000278601  -0.000537783  6.51777e-05  -0.0108241  -0.0956726  0.0746448  
-0.000124061  -0.000408312  0  -0.0114522  -0.131455  0.0427986  
-0.000278601  -0.000672386  -6.07141e-05  -0.0154904  -0.082609  -0.0190529  
-0.000167162  -0.000146807  0  -0.0291345  -0.0678779  0.0355525  
0.000171179  -0.000145105  0  -0.0291331  -0.0693956  0.0415659  
0.000171179  -8.97292e-05  0  -0.0291319  -0.0548327  0.0471913  
0.000171179  -1.84176e-05  0  -0.0326755  -0.0900911  0.0488343  
0.000171179  -0.000268418  0.000208804  -0.0227734  -0.0900864  0.0459386  
-2.23394e-05  -0.000321022  0.000361212  -0.023078  -0.0450719  0.0730128  
0.000495722  -0.000270462  0.000218919  -0.0399079  -0.0299423  0.073033  
0.00113609  -0.000328926  0.000283508  -0.03485  -0.0100824  0.0602063  
0.00095761  -0.00056605  0.000272344  -0.0142834  -0.095094  0.0407555  
0.000626073  -0.00100741  0.000319802  -0.0090424  -0.109577  0.0126425  
0.000696624  -0.000910264  0.000248033  -0.0162778  -0.0581423  -0.0369523  
0.000825174  -0.000221933  0.000170724  -0.0375053  -0.0455564  0.0223345  
0.000889319  -5.21169e-05  0.000267686  -0.0278687  -0.051127  0.0447493  
0.000497324  -0.000467307  0.000159088  -0.0175216  -0.108039  0.0404363  
0.000311904  -0.000554888  0  -0.0235104  -0.092004  0.033466  
0.000228559  8.02172e-05  0.000142279  -0.0300761  -0.0210487  -0.0303348  
0.000859952  -9.10141e-06  0.0001281  -0.0381638  -0.0123276  0.0163403  
0.000939433  -8.01597e-05  -0.000110492  -0.0409373  -0.0194594  0.0450026  
0.000939433  -9.00538e-05  -5.08556e-05  -0.0331225  -0.0666604  0.043377  
0.000494225  -0.000446362  9.10184e-05  -0.0239435  -0.122859  0.0477051  
0.0011309  -0.000477112  -3.27713e-05  -0.0359131  -0.0783109  0.00584627  
0.00127879  -0.000368387  -7.27244e-05  -0.0479901  -0.008165  0.0203161  
0.000939433  -0.000206301  -0.000199099  -0.0494167  -0.00873596  0.0599008  
0.000401278  -5.13183e-05  -0.000196948  -0.042763  -0.0566102  0.0752311  
0.000367401  3.74076e-05  -0.000309374  -0.0258608  -0.12279  0.0657512  
0.000367401  0.000502902  -0.000475014  -0.0256077  -0.100809  0.058296  
0.000307198  0.000253274  -0.000228957  -0.036765  -0.0426938  0.04534  
0.000262056  0.000690982  -0.000480114  -0.0354509  -0.0295579  0.0453046  
2.40314e-05  0.00150709  -0.000332678  -0.018246  -0.0626175  0.0759759  
0.000337801  0.000961196  -0.000171736  -0.0104437  -0.125101  0.0447824  
0.000670113  -0.000403155  -9.57377e-05  -0.0124669  -0.124696  0.0466186  
0.000370343  0.000119495  -5.92808e-05  -0.0359699  -0.0627401  0.0542396  
0.000270355  0.000257004  -0.000185238  -0.0469174  -0.0409398  0.075086  
0.00013894  0.000493558  -0.000129194  -0.04664  -0.0503942  0.0890403  
0.000365496  8.68137e-05  0.000122802  -0.0255106  -0.153465  0.0366985  
0.000717452  0.000377952  0.000162743  -0.0171069  -0.103754  0.0101768  
0.000975868  0.000127952  5.31071e-05  -0.0471138  -0.0227631  -0.0149983  
0.000569733  0.000377952  -0.000173126  -0.0525761  -0.0192412  0.0451951  
0.000760285  0.000377952  -0.000151935  -0.0224558  -0.0368766  0.0537643  
0.000380233  -0.000211698  -5.36837e-05  -0.0202875  -0.115011  0.0454156  
0.000405955  -0.000211698  9.90313e-05  -0.0103749  -0.112101  0.0389193  
0.00116553  0.00088128  0.000207174  -0.00621003  -0.0488536  -0.011486  
0.0011242  3.54704e-06  7.49223e-05  -0.0375537  -0.0341347  0.0468814  
0.00122773  7.88143e-05  0.00011862  -0.0361551  -0.0260224  0.0494992  
0.000695767  -0.000171186  0.00026504  -0.0193059  -0.101211  0.0626508  
0.000476256  -0.000232811  0.000334385  -0.0223079  -0.0857235  0.0524036  
0.0015898  0.000874743  0.000585303  0.00454397  0.00111457  -0.0236711  
0.00150592  0.00125895  0.000247705  -0.00323571  -0.0115998  0.0170216  
0.00161791  0.00127902  0.000169669  -0.000388269  -0.0720671  0.00543928  
0.0011799  0.000860674  0.000146773  -0.000774725  -0.114863  0.0434708  
0.00128162  0.00111066  9.73644e-05  0.000356797  -0.065183  -0.00279509  
0.00124605  0.00125261  0.000118001  -0.00500436  -0.0475392  0.0093758  
0.00109151  0.00112006  7.75148e-05  -0.00435812  -0.0254561  0.0231702  
0.00116161  0.00161176  1.91854e-05  0.00345798  -0.0254586  0.0399196  
0.00115322  0.00124664  0.000125286  0.00378566  -0.0986229  0.0400065  
0.000985616  6.24854e-05  0.00027482  -0.0186002  -0.120071  0.0548484  
0.00100205  0.00145281  0.000427617  -0.00628901  -0.0304259  -0.00451122  
0.00111112  0.00148719  0.000427617  0.00127702  -0.00642639  0.00780384  
0.00155459  0.00125713  0.000305356  -0.00674378  -0.0222543  -0.0186572  
0.00106044  0.00136746  0.000253757  -0.00999952  -0.0284319  0.0105931  
0.000773712  0.00121569  0.000240915  -0.0056193  -0.0990387  0.0216082  
0.000723156  -0.000152515  0.000325651  -0.0185286  -0.122662  0.0518016  
0.0012891  0.00148301  0.000427617  -0.00464016  -0.05711  -0.0247889  
0.00126544  0.00168601  0.000220883  -0.00609497  0.00321321  0.0208718  
0.00120257  0.00156353  0.000228679  -0.00435441  -0.0534941  0.0308827  
0.000332262  0.00120181  0.000238048  0.00616252  -0.0958516  0.034398  
0.000822833  0.00165807  0.000427618  0.00991614  -0.0788361  -0.0271134  
0.00125145  0.00223341  0.000307031  0.0113464  0.00580428  0.000407096  
0.00124413  0.00227248  0.000118571  0.00786509  -0.0419965  0.00688832  
0.00117769  0.00205184  0.000195923  0.0148588  -0.0647986  0.00830492  
0.000917122  0.00159719  0.0003215  0.0119351  -0.0985977  0.0143204  
0.000647662  0.00171144  0.000427618  0.0102884  -0.0601466  -0.0188667  
0.0011072  0.00197893  0.000427618  0.018471  0.0062584  -0.0271274  
0.00137518  0.00236379  0.000147899  0.0155553  -0.0204398  0.00588386  
0.00102536  0.00206595  0.000203964  0.018148  -0.0812071  -0.000843086  
0.000789585  0.00187785  0.000267646  0.0165616  -0.119753  -0.000863689  
0.000637462  0.00187746  0.000427618  0.0208704  -0.0716322  -0.0413583  
0.000872411  0.00235942  0.000427618  0.021797  -0.0390294  -0.0291316  
0.000872411  0.00218256  0.000427618  0.0184478  -0.0361834  0.00249812  
0.000872411  0.00218891  0.000427618  0.0172871  -0.085242  -0.00529908  
0.000872411  0.00179663  0.000502784  0.0199091  -0.114272  -0.0246976  
0.000745401  0.00181777  0.000930904  0.0362648  -0.0717123  -0.0872532  
0.00148404  0.00200332  0.000827057  0.0379142  -0.0037615  -0.0543447  
0.00160851  0.00205859  0.00085829  0.037454  -0.0322262  -0.0341633  
0.000910526  0.00191295  0.000427619  0.0299629  -0.0929976  -0.0163756  
0.000751609  0.00162094  0.000427619  0.0320182  -0.0929986  -0.0354126  
0.00152434  0.002072  0.00050209  0.0335826  -0.0223004  -0.0747902  
0.00152434  0.00227604  0.000427619  0.0203435  -0.0247363  -0.0448661  
0.00154914  0.00208135  0.000500873  0.0210073  -0.0844205  -0.0372022  
0.00192606  0.0015181  0.000716067  0.0260033  -0.0945008  -0.046203  
0.00212448  0.00154042  0.00070942  0.0281432  -0.0354465  -0.0670199  
0.00199725  0.00182652  0.00056028  0.0363549  0.0114805  -0.061549  
0.00232133  0.00169514  0.000667059  0.023936  0.00664151  -0.0476097  
0.00231766  0.00187545  0.000486874  0.0225583  -0.0350698  -0.0481172  
0.00212635  0.0014595  0.000503506  0.0240129  -0.0792387  -0.0386586  
0.00195351  0.00139985  0.000375165  0.0234198  -0.0768426  -0.043203  
0.00178622  0.00167773  0.000503885  0.0224269  -0.0362247  -0.0645663  
0.00218986  0.00167309  0.000492723  0.0248775  -0.0152919  -0.0547128  
0.00186866  0.00195947  0.000427619  0.0273437  -0.0313737  -0.0410352  
0.00151299  0.00197697  0.000427619  0.0227617  -0.0692971  -0.034423  
0.00125769  0.00188813  0.000210561  0.0184566  -0.0926931  -0.0347475  
0.00128871  0.00201298  0.000427619  0.0211058  -0.0628991  -0.0702123  
0.002118  0.00194728  0.000299048  0.0165503  -0.0178006  -0.0592303  
0.00190173  0.00205647  0.000281613  0.00804243  -0.0408246  -0.0268723  
0.00176777  0.00196141  9.97883e-05  0.00548622  -0.0724555  -0.0294763  
0.00105971  0.00158339  7.7594e-05  0.0135034  -0.105445  -0.0233032  
0.00162942  0.00170928  0.00011019  0.0108904  -0.0786021  -0.0721852  
0.00136627  0.00207016  0.000212426  0.018186  -0.0339821  -0.0845832  
0.0018785  0.00189439  0.000427619  0.0214247  -0.0082197  -0.0602375  
0.00224994  0.00164736  0.000427619  0.0155858  -0.041719  -0.0526152  
0.00114743  0.00166375  0.000306599  0.0160004  -0.110009  -0.0546378  
0.000971613  0.00144314  0.00042762  0.0221969  -0.118562  -0.0557803  
0.00139743  0.00155974  0.00042762  0.0174444  -0.0366591  -0.113304  
0.00163545  0.00176949  0.000427619  0.021283  0.00828679  -0.0926927  
0.00222044  0.00161263  0.00042762  0.023734  0.00929906  -0.0622331  
0.00197253  0.00165372  0.00017685  0.0233472  -0.0563407  -0.0680357  
0.00130027  0.00131436  0.000160426  0.0199192  -0.103692  -0.0681121  
0.00137472  0.00129898  0.000210568  0.0210464  -0.0977983  -0.0863522  
0.00173372  0.00159491  0.000268619  0.0242832  -0.043634  -0.111907  
0.00116497  0.00153831  0.000262665  0.0194201  -0.0454494  -0.104366  
0.00153201  0.0018324  6.38721e-05  0.0231874  -0.0291364  -0.0874713  
0.00197061  0.00183498  2.55732e-05  0.0234755  -0.0294849  -0.0546665  
0.00151177  0.00145642  9.92735e-05  0.0202074  -0.111634  -0.071366  
0.0013591  0.00120642  0.000283372  0.0131792  -0.116687  -0.0647109  
0.00171021  0.00138316  0.00042762  0.0128721  -0.0781476  -0.0850894  
0.00198167  0.00156993  0.00042762  0.0141674  -0.02381  -0.077799  
0.00197463  0.00163405  0.00042762  0.0173107  -0.0125566  -0.0361973  
0.00246965  0.00164257  0.00042762  0.0134739  -0.0434935  -0.045577  
0.00184491  0.00149305  0.000271243  0.0152055  -0.108435  -0.0350571  
0.00164436  0.00148936  0.000312751  0.0183481  -0.125053  -0.0125708  
0.00202843  0.00149689  0.000303248  0.0189212  -0.0584032  -0.0469172  
0.00186534  0.00185507  0.00042762  0.0159026  0.00495127  -0.111681  
0.00193023  0.00198119  0.00042762  0.00087923  -0.0044887  -0.123195  
-0.00159181  0.00252451  -9.82187e-06  -0.0335746  0.0421684  -0.0749131  
0.000424794  0.00193585  0.000342015  -0.0180021  -0.114541  -0.0714767  
0.000504116  0.00181739  0.000651139  -0.00891464  -0.043645  -0.0764428  
0.000905289  0.00157631  0.000266198  -0.0186149  -0.0921195  -0.0881821  
0.000989274  0.00142642  0.00015309  -0.0150274  -0.112626  -0.0885485  
0.00197725  0.00156087  0.000213052  -0.0206357  -0.116885  -0.103075  
0.000317572  0.00115533  0.000190797  -0.0182629  -0.120167  -0.154061  
0.000200265  0.00110236  0.000342015  0.00362392  -0.123165  -0.129464  
0.000549917  0.00113942  0.000481036  -0.00688413  -0.0729873  -0.107757  
0.00119762  0.00151496  0.000342015  -0.0187927  -0.0397076  -0.0985454  
0.000941043  0.00182584  0.000342015  -0.0216481  -0.0397141  -0.0782532  
0.000601669  0.00138568  0.000342015  -0.0232972  -0.094797  -0.0663815  
0.000902362  0.00132005  0.000342016  -0.0166876  -0.114125  -0.0483922  
0.00131158  0.00175144  0.000342016  -0.0255519  -0.0311926  -0.107119  
0.00146742  0.00177734  0.000342016  -0.0147144  -0.00276932  -0.118503  
0.0015888  0.00173704  0.000342016  -0.0303352  -0.0346422  -0.107154  
0.00115297  0.00122361  0.000402131  -0.0154921  -0.120716  -0.0853087  
0.00118768  0.00134213  0.000342016  -0.0187343  -0.0737622  -0.11421  
0.00151548  0.00119227  0.000342016  -0.038254  -0.00795928  -0.117441  
0.00187715  0.00138394  0.000342016  -0.0358508  -0.0142182  -0.078707  
0.00128502  0.000860329  0.000342016  -0.0205204  -0.0935109  -0.0723224  
0.00116027  0.000836023  0.000342016  -0.0214142  -0.0982267  -0.0723428  
0.0013928  0.00145063  0.000342016  -0.00544045  -0.0397142  -0.12203  
0.0015612  0.00168957  0.000189585  -0.00342482  -0.025023  -0.108909  
0.00200234  0.00186079  0.000222754  -0.0107534  -0.0312125  -0.113523  
0.00193427  0.00184317  0.000163698  -0.0156546  -0.0679274  -0.125932  
0.00166975  0.00160849  0.000154479  -0.00395286  -0.0914784  -0.13005  
0.00152839  0.00169302  0.000110284  -0.00559504  -0.0737652  -0.125868  
0.00174373  0.00173774  0.000272853  -0.00959346  -0.0256838  -0.13951  
0.0018873  0.0017744  0.00020445  -0.0128928  -0.0256957  -0.117012  
0.00218279  0.00171412  0.000342016  -0.00502941  -0.0438085  -0.119969  
0.00136016  0.0014658  0.000439131  0.00207894  -0.102503  -0.130055  
0.00143366  0.00126021  0.000406646  -0.0068613  -0.116519  -0.120043  
0.00123475  0.00162929  0.000342016  -0.00807957  -0.0335909  -0.169457  
0.00163388  0.00206644  0.000342016  -0.00300522  -0.0185118  -0.147692  
0.00183407  0.00221726  0.000409753  -0.00657501  -0.0413958  -0.136074  
0.00185412  0.00208327  0.000409677  -0.00255918  -0.071017  -0.12946  
0.0016372  0.00173128  0.000417245  0.00117632  -0.126969  -0.123004  
0.0016372  0.00189796  0.00039429  -0.010927  -0.103901  -0.135516  
0.0014557  0.00242683  0.00040515  -0.00748863  -0.0283115  -0.148296  
0.0016372  0.00235179  0.000458497  -0.00742124  -0.0156945  -0.126895  
0.00174585  0.00234421  0.000254246  -0.0111987  -0.0321459  -0.123017  
0.00192184  0.00210378  0.00039681  -0.0111674  -0.0850216  -0.122986  
0.00158815  0.00184195  0.000518915  0.00170206  -0.100983  -0.157605  
0.00184226  0.00231254  0.00066488  -0.00166221  -0.0205611  -0.165958  
0.00170852  0.00218254  0.000768511  -0.00809458  -0.0396231  -0.151264  
0.00204822  0.00222639  0.000618999  -0.0149457  -0.0436284  -0.131253  
0.00184226  0.00183568  0.000583753  -0.0180757  -0.0820368  -0.131416  
0.00184226  0.00180561  0.000403898  -0.0152848  -0.0918445  -0.163094  
0.00263824  0.00209981  0.000342017  -0.0161776  -0.0323464  -0.222352  
0.00212995  0.00226006  0.000410516  -0.0275073  -0.0553087  -0.193781  
0.0021267  0.00225848  0.000342017  -0.0262394  -0.0354029  -0.160155  
0.00225517  0.00217753  0.000405225  -0.0153972  -0.0646141  -0.14144  
0.00150952  0.00201293  0.000464496  -0.00107776  -0.122468  -0.157656  
0.00175952  0.00175301  0.000753529  0.00700809  -0.103702  -0.188696  
0.00129943  0.00197335  0.000718216  0.0104677  -0.0298772  -0.20642  
0.00169776  0.00206487  0.000858891  -0.00476625  -0.00820766  -0.183918  
0.00181461  0.00219358  0.000683768  -0.00568884  -0.0120531  -0.144043  
0.00150952  0.00180475  0.000611428  -0.00901786  -0.0593858  -0.153868  
0.00150952  0.00180737  0.00046223  0.00172924  -0.0921349  -0.159966  
0.0018841  0.00161939  0.000455339  -0.000556886  -0.0618227  -0.186742  
0.00150952  0.0019107  0.000404977  -0.0145408  -0.044686  -0.179751  
0.00167231  0.00199549  0.000375478  -0.0145277  -0.0547184  -0.148465  
0.00208791  0.00199335  0.0003989  -0.0138809  -0.0612727  -0.134282  
0.00137334  0.00176784  0.000522353  -0.013916  -0.105349  -0.148036  
0.00133693  0.00174707  0.000293743  -0.0117333  -0.103594  -0.152141  
0.00126544  0.0020347  0.000244435  -0.0131851  -0.0471423  -0.17958  
0.00151339  0.00224301  0.000468043  -0.0178371  -0.0274829  -0.170955  
0.00192918  0.00224485  0.000676819  -0.0189712  -0.0140087  -0.143201  
0.00167479  0.0022096  0.000509176  -0.0141729  -0.0599294  -0.143238  
0.00111588  0.00182504  0.00046773  -0.0166732  -0.083217  -0.140589  
0.00126684  0.00224443  0.000353789  -0.0146959  -0.057834  -0.165924  
0.00146485  0.00241276  0.000384972  -0.0119933  -0.0363704  -0.153241  
0.0015112  0.00246536  0.000335879  -0.0229142  -0.0578503  -0.143233  
0.00136031  0.00209555  0.00038567  -0.019673  -0.0897116  -0.127422  
0.00111031  0.00199225  0.000241452  -0.015801  -0.1096  -0.127572  
0.00111031  0.00242199  0.000505634  -0.0148203  -0.038851  -0.173081  
0.00137637  0.00215021  0.000606646  -0.0100787  -0.00273537  -0.146076  
0.00154713  0.00257594  0.000359575  -0.00372474  -0.0317377  -0.141345  
0.00125331  0.00226628  0.000220788  -0.000620122  -0.0997189  -0.146677  
0.00106526  0.00214614  0.000267429  0.00194159  -0.109795  -0.163628  
0.00105184  0.00224957  0.000392041  -0.00770772  -0.0447521  -0.188026  
0.00169167  0.00226714  0.000444629  -0.00844697  -0.0257578  -0.158233  
0.0016721  0.00230251  0.000454382  -0.0129031  -0.0565854  -0.140962  
0.00119891  0.00174055  0.000386859  -0.00712267  -0.101737  -0.124962  
0.00119891  0.00216698  0.000389357  -0.00376519  -0.0775941  -0.164336  
0.00133774  0.00221836  0.000602449  -0.00130202  -0.0395704  -0.163654  
0.00165573  0.00199374  0.00055453  -0.0031087  -0.0483994  -0.164495  
0.00160109  0.00195331  0.000548873  -0.00713945  -0.0822189  -0.150547  
0.00118998  0.00187542  0.000437604  -0.00113577  -0.110662  -0.144581  
0.00142926  0.00212401  0.000584506  0.0046167  -0.0450185  -0.176183  
0.00124027  0.00214684  0.000702511  0.00299653  -0.0169512  -0.170724  
0.00156497  0.0023558  0.000416167  -0.000973975  -0.0420976  -0.155973  
0.00139099  0.00211844  0.000337601  -0.00595017  -0.0859904  -0.152839  
0.00174553  0.0018935  0.000376556  -0.0062592  -0.0907997  -0.176955  
0.00179711  0.00232633  0.000543246  -0.00391446  -0.0230437  -0.18813  
0.00204711  0.00231754  0.000479739  -0.0123203  -0.0230971  -0.154982  
0.00142979  0.00208913  0.000359155  -0.0143078  -0.0775461  -0.146783  
0.00150418  0.00241066  0.000303393  -0.00866298  -0.082811  -0.159797  
0.00154097  0.00248742  0.000324855  -0.00317861  -0.0301877  -0.178955  
0.0016868  0.00261535  0.000238154  -0.00396048  -0.0302296  -0.161714  
0.00172423  0.00246625  0.00026455  -0.00583633  -0.0698617  -0.152709  
0.00141567  0.00238913  0.000165888  -0.00951698  -0.0961634  -0.142064  
0.00130715  0.0025171  0.000230262  -0.00559758  -0.063638  -0.185263  
0.00179711  0.0026088  0.000289364  2.25987e-05  -0.0342726  -0.185979  
0.00153926  0.00265856  0.000182182  -0.0103267  -0.0691162  -0.149846  
0.00140692  0.00252762  0.000190274  -0.0104522  -0.0992571  -0.149856  
0.00121324  0.0022197  0.000224443  -0.0120875  -0.106572  -0.135685  
0.00110138  0.00244658  0.00028118  -0.00871276  -0.0741838  -0.178996  
0.00150347  0.00253558  0.000450066  -0.00632282  -0.0256089  -0.159984  
0.00200065  0.00233435  0.00043074  -0.0074437  -0.0396361  -0.156408  
0.00145149  0.00222536  0.000409964  -0.0127991  -0.089083  -0.143935  
0.00150972  0.00208664  0.000348817  -0.0187628  -0.118062  -0.153924  
0.001327  0.00214135  0.000427594  -0.00632732  -0.0692979  -0.205466  
0.00188788  0.00228983  0.000490089  -0.00704495  -0.02195  -0.180245  
0.00195014  0.00229865  0.000472914  -0.0119777  -0.0472364  -0.15766  
0.00174502  0.00215566  0.000318963  -0.00490639  -0.0955896  -0.145227  
0.00124403  0.00176599  0.000296364  -0.00586709  -0.0955086  -0.147341  
0.00124403  0.00223148  0.000284902  -0.00168387  -0.0411279  -0.169402  
0.00165133  0.00248683  0.000276898  -0.00102491  -0.0395894  -0.185339  
0.00198835  0.00242962  0.000398807  -0.0166558  -0.0524223  -0.155344  
0.00217092  0.00218563  0.000400191  -0.0156681  -0.0817906  -0.154352  
0.0015379  0.00207209  0.000362424  -0.0122835  -0.116041  -0.15914  
0.00114718  0.00178654  0.000595036  0.000444511  -0.0912076  -0.182691  
0.00142823  0.00220941  0.000637869  0.0057125  -0.0278419  -0.208803  
0.00170368  0.00214087  0.000613711  0.00276713  -0.0145874  -0.195344  
0.00184063  0.00232572  0.000440457  -0.0132613  -0.0433331  -0.171188  
0.00160379  0.00190433  0.00035521  -0.00732716  -0.101675  -0.164301  
0.00169805  0.00203249  0.000486194  -0.00718634  -0.0712527  -0.184805  
0.00193651  0.00212108  0.000520625  0.00129776  -0.0349634  -0.187295  
0.002158  0.00224908  0.000455906  -0.000684776  -0.0470165  -0.179029  
0.00178921  0.00213895  0.000424021  -0.00693166  -0.090366  -0.180399  
0.00151911  0.00195171  0.000351622  -0.00145766  -0.118332  -0.167497  
0.00154296  0.00222211  0.000406895  -0.0015509  -0.0657148  -0.19691  
0.00183578  0.00191079  0.000583872  -0.00169307  -0.0283911  -0.187423  
0.00206163  0.00222531  0.000463233  -0.000157432  -0.0392811  -0.172549  
0.00215801  0.00216903  0.00042821  0.00732323  -0.0727292  -0.192309  
0.00215801  0.00185059  0.000189395  0.0093027  -0.0990669  -0.197787  
0.00198661  0.00177956  0.000379207  0.0237972  -0.0784996  -0.215441  
0.00252309  0.00189382  0.00032384  0.0236967  -0.0304748  -0.220463  
0.00242295  0.00183441  0.000249465  0.0160695  -0.032849  -0.19893  
0.00222173  0.0018033  0.000403251  0.0306037  -0.0578011  -0.206175  
0.0023438  0.00166747  0.000290535  0.0300246  -0.0758752  -0.208206  
0.00209381  0.00189978  0.000287759  0.0299163  -0.0479751  -0.235692  
0.00215609  0.00200546  0.000329922  0.0234541  -0.00923817  -0.228419  
0.00286403  0.00182806  0.000374845  0.0245084  -0.0266021  -0.192802  
0.00218258  0.00152621  0.000282882  0.0274292  -0.14198  -0.177518  
0.00215007  0.00164424  0.000325033  0.028735  -0.0886527  -0.202407  
0.0020732  0.00175459  0.00048048  0.0285322  -0.0243808  -0.21984  
0.00194729  0.00156302  0.000450457  0.0206188  -0.00466065  -0.209885  
0.00216207  0.00204066  0.00042459  0.0214112  -0.00471734  -0.199315  
0.00203414  0.0019856  0.000165301  0.0176656  -0.0667183  -0.18643  
0.00204914  0.00190118  0.000158579  0.0180722  -0.104559  -0.186807  
0.00180903  0.0019313  0.000241921  0.0285851  -0.056356  -0.210321  
0.00197509  0.00203506  0.000545842  0.0241072  -0.0252192  -0.221298  
0.0022685  0.00213683  0.000470683  0.020563  -0.0445212  -0.20349  
0.00210681  0.00189053  0.000380978  0.0189871  -0.0707835  -0.188616  
0.0022881  0.00182687  0.00020679  0.0219072  -0.0998016  -0.198556  
0.00192564  0.00192525  0.000305653  0.0271707  -0.0606805  -0.246083  
0.00192564  0.00208725  0.000437583  0.0207023  -0.00761795  -0.236515  
0.00213624  0.00216462  0.000338566  0.0180119  -0.0372806  -0.207581  
0.00183069  0.00181662  0.000421838  0.0189364  -0.0860753  -0.188618  
0.00217827  0.00175794  0.000306393  0.0206677  -0.0850609  -0.189579  
0.00176723  0.00200324  0.00031169  0.0236785  -0.00864817  -0.226139  
0.00219674  0.00210906  0.000354762  0.0219102  -0.00339964  -0.213175  
0.00189501  0.00187393  0.000306278  0.0203793  -0.058904  -0.207196  
0.00159403  0.00182487  0.000130357  0.0192342  -0.0857419  -0.192917  
0.00162866  0.00217415  0.000163944  0.018619  -0.0568552  -0.237743  
0.00189501  0.00207267  0.00039151  0.0170908  -0.00935688  -0.221368  
0.00268027  0.00210608  0.000342518  0.0195872  -0.035485  -0.208332  
0.00182592  0.00190271  0.000231096  0.0228861  -0.0771591  -0.192667  
0.00180517  0.00193071  0.000106192  0.0329563  -0.0883378  -0.205096  
0.00224168  0.00190605  0.000251281  0.0364705  -0.00345506  -0.265504  
0.00201678  0.00211148  0.000389897  0.0378288  -0.00591142  -0.236803  
0.00224168  0.00207377  0.000389778  0.0234973  -0.0347834  -0.22086  
0.00202364  0.00198765  0.000212704  0.0299278  -0.0566876  -0.214716  
0.00200355  0.00191108  0.00012595  0.0303447  -0.0885813  -0.208391  
0.00159176  0.00160062  8.48714e-05  0.0343795  -0.0437219  -0.233517  
0.0017806  0.00199962  0.000116844  0.0292423  -0.0012146  -0.235851  
0.00208584  0.00199138  1.10944e-06  0.0384698  -0.00616909  -0.23161  
0.002433  0.00193126  7.92051e-05  0.0298395  -0.0834138  -0.22108  
0.00224168  0.00163409  0.000106241  0.0331723  -0.0679817  -0.240625  
0.0023578  0.00215281  0.00015442  0.0337191  0.0274363  -0.268703  
0.00251648  0.00212959  -3.77981e-05  0.0310525  0.0158658  -0.232783  
0.0021003  0.00181505  -4.89391e-05  0.0219468  -0.0832093  -0.198713  
0.00184762  0.00200862  0.000165874  0.0209604  -0.0667781  -0.225608  
0.00224748  0.00223655  0.000223596  0.0347313  0.0104178  -0.247441  
0.00260407  0.00221708  0.000119315  0.0376761  -0.00528913  -0.236273  
0.00205678  0.00220414  3.06236e-05  0.0402806  -0.077328  -0.222904  
0.00191544  0.00216884  2.83785e-05  0.0402198  -0.0783659  -0.226202  
0.00191404  0.002326  0.00017348  0.0446452  -0.0223911  -0.249378  
0.00259761  0.00225555  0.000204709  0.0447737  -0.00464203  -0.244214  
0.00235776  0.00219463  0.000296345  0.0403781  -0.0442509  -0.243468  
0.00208771  0.00223882  0.000250855  0.0430907  -0.0759795  -0.22656  
0.00191132  0.00222633  0.000378252  0.0456778  -0.0524113  -0.248941  
0.00253712  0.00205243  0.000516147  0.0461776  -0.00592055  -0.222885  
0.00176065  0.00255748  0.000586066  0.0597888  -0.0157787  -0.193387  
0.00155812  0.00200885  0.00053019  0.0651004  -0.0391929  -0.17323  
0.000987027  0.00206544  0.000476881  0.060244  -0.064884  -0.166201  
0.000929641  0.00234372  0.000407286  0.0682365  -0.0152333  -0.193196  
0.00100571  0.00238934  0.000301255  0.0567283  0.0239315  -0.190114  
0.00143399  0.00250415  0.000309297  0.0633497  0.0199319  -0.176246  
0.00148838  0.00228779  0.000295569  0.051478  -0.0478551  -0.179364  
0.000928041  0.00236349  0.000235464  0.0510573  -0.0894453  -0.176821  
0.000786762  0.00245154  0.000198078  0.0574968  -0.03506  -0.217785  
0.00102829  0.00244383  0.000207989  0.0620226  -0.00712747  -0.211128  
0.0013467  0.00257221  0.000343491  0.063406  -0.0171958  -0.202009  
0.00168879  0.00264854  0.000346035  0.0601655  -0.0191139  -0.201985  
0.00133558  0.00237877  0.00036133  0.0553094  -0.0740101  -0.17812  
0.00121815  0.00234831  0.000453194  0.0622505  -0.0587373  -0.194762  
0.00135489  0.00255907  0.000513784  0.0676014  -0.0144691  -0.225692  
0.00169273  0.00264026  0.000402094  0.075074  -0.00223701  -0.212598  
0.00154643  0.00254712  0.00040013  0.0725547  -0.0378964  -0.213932  
0.00154643  0.00234551  0.000287022  0.0645005  -0.0724286  -0.237382  
0.00198564  0.00211018  0.000347252  0.0598663  -0.0330963  -0.282788  
0.00241654  0.00208895  0.000509609  0.0533564  0.036323  -0.276142  
0.00283934  0.00222808  0.000415138  0.0517875  0.0178207  -0.263312  
0.00221251  0.00221932  0.000500675  0.0519307  -0.0433771  -0.25599  
0.0019901  0.00206684  0.000253043  0.0453722  -0.0666951  -0.254542  
0.000300884  0.00165974  0.000535643  0.0718611  -0.108706  -0.248854  
0.0014547  0.00154127  -7.84625e-05  0.0918787  -0.0669466  -0.284802  
0.00117119  0.0017332  -1.10745e-05  0.0889485  -0.0432663  -0.301321  
0.00142697  0.00175041  -9.44794e-05  0.0692282  -0.0833274  -0.253016  
0.00118316  0.00154127  -3.79533e-05  0.0567044  -0.0307475  -0.279136  
0.000974172  0.00198609  -3.79533e-05  0.0499784  0.0167972  -0.260048  
0.000842047  0.00194255  -0.000324092  0.059898  0.0120424  -0.233731  
0.000842047  0.00199992  -0.000155172  0.0635306  -0.0412677  -0.243284  
0.000842047  0.00158817  -9.88445e-05  0.072779  -0.0874349  -0.199886  
0.000842047  0.00174428  -9.01909e-05  0.0684395  -0.0751722  -0.207189  
0.000912357  0.00190488  1.70377e-05  0.0575628  -0.00022042  -0.248098  
0.000977428  0.00164577  -3.79533e-05  0.0469105  0.00789427  -0.216328  
0.00109384  0.00189467  -3.79533e-05  0.0591238  -0.0547454  -0.207321  
0.00117203  0.0016559  -0.000180161  0.0640896  -0.119084  -0.191078  
0.00113486  0.00185519  -0.000445418  0.0702464  -0.106298  -0.214011  
0.000842047  0.00190414  -0.000166502  0.0610138  -0.0295674  -0.262476  
0.000939268  0.00203041  -3.79533e-05  0.0570823  0.00426507  -0.248968  
0.00128017  0.00198815  -3.79533e-05  0.051005  0.00419226  -0.220906  
0.00117066  0.00190495  4.32818e-05  0.0494402  -0.0514857  -0.206865  
0.0012125  0.00166609  -3.79533e-05  0.0552564  -0.0903777  -0.196823  
0.00158856  0.00147175  -3.79533e-05  0.0555977  -0.0633003  -0.23559  
0.00145199  0.00187103  9.83292e-05  0.0604307  -0.0231905  -0.263436  
0.00153146  0.00192733  0.000146165  0.0649633  -0.00147943  -0.228559  
0.00169133  0.00196443  -3.79533e-05  0.0555808  -0.0281303  -0.210727  
0.00139213  0.00182465  8.68459e-05  0.0496077  -0.0631772  -0.210768  
0.00108205  0.00195233  -3.79532e-05  0.0543786  -0.084717  -0.233551  
0.00108205  0.00233452  2.13576e-05  0.0592799  -0.039598  -0.274975  
0.00139438  0.00205394  0.000124355  0.0600077  -0.00332987  -0.245959  
0.00143229  0.00202164  0.000119543  0.0543139  -0.0301763  -0.234933  
0.00130566  0.00179382  -3.79532e-05  0.0522285  -0.0583298  -0.199427  
0.000944889  0.00208182  -3.79532e-05  0.0632421  -0.0582708  -0.224336  
0.00109848  0.0021716  -3.79532e-05  0.0650456  -0.00574316  -0.245125  
0.0013043  0.00205658  0.000117977  0.0588356  -0.0205055  -0.226006  
0.00111531  0.00193973  0.000137691  0.05368  -0.0490837  -0.218613  
0.00134696  0.00192096  9.72591e-05  0.0583024  -0.081751  -0.225817  
0.00173403  0.00174385  7.17327e-05  0.0542369  -0.0176324  -0.25168  
0.00144986  0.00235886  -5.29362e-05  0.0530377  -0.0226115  -0.237243  
0.00115797  0.00214054  -9.96749e-05  0.0535592  -0.0721507  -0.227061  
0.00160344  0.00202553  0.000132045  0.0556485  -0.0831574  -0.239309  
0.00112029  0.0021495  -7.46091e-06  0.0565202  -0.00893791  -0.239264  
0.00141889  0.00227598  -8.04376e-05  0.0466304  -0.00900879  -0.213354  
0.00134136  0.00222867  -1.25696e-05  0.0473353  -0.0304648  -0.212602  
0.00118211  0.00212494  -8.96942e-05  0.0528552  -0.0817329  -0.212637  
0.00110394  0.00223419  -3.9631e-05  0.0520672  -0.0472622  -0.24672  
0.00119364  0.0025817  3.24181e-05  0.0573081  -0.00660634  -0.262268  
0.00156235  0.00252301  -7.12525e-05  0.0485191  0.00873234  -0.223301  
0.00156235  0.00260444  -8.16595e-05  0.0389698  -0.0445841  -0.213444  
0.00130855  0.00211365  -0.00017392  0.0400637  -0.0723645  -0.211932  
0.00107888  0.00235743  -0.000320683  0.0394478  -0.0794513  -0.217975  
0.00141332  0.00225515  -0.000264157  0.0438992  -0.0290337  -0.255759  
0.00136062  0.00260505  -0.00020235  0.0432637  -0.0332997  -0.252119  
0.00141079  0.00250826  -0.00012981  0.0404995  -0.0232971  -0.217863  
0.00174275  0.00246897  -0.000114474  0.0473496  -0.0233734  -0.219091  
0.00175795  0.00253549  -8.5923e-05  0.0407274  -0.0687546  -0.204512  
0.00127614  0.002346  -0.000181896  0.041591  -0.0732724  -0.2188  
0.0011875  0.00251303  -0.000196788  0.0461714  -0.0456133  -0.235967  
0.00115933  0.00262196  -4.74821e-05  0.0503337  -0.00639184  -0.235609  
0.00208611  0.0027412  -8.99937e-05  0.0522375  0.00298747  -0.218742  
0.00163465  0.00255379  4.0836e-05  0.043041  -0.0617469  -0.202769  
0.00128279  0.00236605  -0.000176043  0.0375208  -0.0877183  -0.186461  
0.00157897  0.00256575  -0.000215125  0.0353861  -0.0277628  -0.237708  
0.00158453  0.00291593  -4.83391e-05  0.0402464  -0.000821112  -0.254527  
0.00149101  0.00288551  0.000148219  0.0370036  -0.000802038  -0.223059  
0.00158453  0.00262289  -8.2954e-05  0.0284038  -0.0324802  -0.227616  
0.00102761  0.00256527  -0.000210822  0.0317971  -0.0881228  -0.224411  
0.000936706  0.00237974  -0.000177639  0.0464233  -0.107563  -0.214607  
0.00084944  0.00249012  -0.000138557  0.045223  -0.0519933  -0.215277  
0.000865285  0.00263681  -1.41177e-05  0.0511476  -0.0198689  -0.226707  
0.00102761  0.00259321  6.59724e-05  0.0508738  -0.0199058  -0.229059  
0.00102761  0.00271898  -3.72761e-05  0.0427865  -0.0236387  -0.225684  
0.00125365  0.00280128  0.00010459  0.0410024  -0.0383954  -0.197002  
0.00128214  0.00255024  -3.78927e-05  0.0416073  -0.0751529  -0.191915  
0.000898561  0.00266596  -9.34702e-05  0.0432803  -0.0655702  -0.212318  
0.00102761  0.00283427  -0.000189019  0.0409675  -0.0238674  -0.23204  
0.00116719  0.00289221  -9.47576e-05  0.0412455  -0.0303571  -0.22096  
0.00139872  0.00271259  -0.000124231  0.0325992  -0.0451936  -0.205397  
0.00102761  0.00252151  -5.6634e-05  0.0322644  -0.0623523  -0.199514  
0.000808633  0.00238817  -0.000378997  0.0367464  -0.0609334  -0.202822  
0.000981493  0.00267707  -0.000353957  0.0421546  -0.0179762  -0.226763  
0.00128882  0.00268514  -0.000132219  0.042713  0.00469074  -0.221395  
0.00167603  0.0025176  -0.000109139  0.0408381  -0.0311992  -0.211254  
0.00114624  0.00250533  -0.000277378  0.0427874  -0.0843853  -0.196554  
0.000980986  0.00253264  -7.83905e-05  0.0393695  -0.0561434  -0.223446  
0.00105372  0.0025617  -5.99248e-05  0.0427557  -0.0019437  -0.218925  
0.00131213  0.00250542  1.887e-05  0.0380853  -0.0212092  -0.203377  
0.000815581  0.00264809  -9.97181e-05  0.03413  -0.0943749  -0.198173  
0.000743601  0.00262652  -0.000255281  0.0337497  -0.0822615  -0.215562  
0.00075874  0.00252976  -6.33613e-05  0.042432  0.00240838  -0.23037  
0.00130258  0.00277763  0.000121129  0.0369631  0.00287708  -0.202307  
0.00165905  0.00268702  7.44169e-05  0.0264438  -0.0164154  -0.210663  
0.00128982  0.00252166  0.000139614  0.0223124  -0.074375  -0.200386  
0.00126344  0.00233882  0.000161796  0.0261826  -0.0889001  -0.217457  
0.000919475  0.0024368  4.73342e-05  0.028255  -0.036736  -0.230144  
0.00117331  0.0025747  0.000214071  0.0228452  -0.0203723  -0.234469  
0.00117331  0.00275828  0.000251231  0.030852  -0.0193354  -0.222798  
0.00117331  0.00273789  0.000163417  0.0282728  -0.0310685  -0.20921  
0.00141606  0.00264959  5.78011e-05  0.0239029  -0.0539977  -0.203157  
0.00117331  0.00249916  0.000112916  0.0296119  -0.0796085  -0.196111  
0.00100991  0.00237218  0.000116885  0.0323618  -0.0491537  -0.187429  
0.000783895  0.00267004  -7.86852e-05  0.0304655  -0.0310061  -0.237409  
0.00117331  0.00288638  7.26485e-05  0.0284749  -0.0215797  -0.233576  
0.00117331  0.00290805  0.000126618  0.0307902  -0.0347531  -0.217782  
0.00117331  0.0026478  0.000217278  0.0309798  -0.031092  -0.199956  
0.00168182  0.00269674  0.000201043  0.0305523  -0.0565961  -0.205914  
0.00128507  0.00244674  6.10742e-05  0.0268238  -0.0978676  -0.208782  
0.00121574  0.00249555  0.000214668  0.0333465  -0.057878  -0.222744  
0.00120064  0.00263584  0.000162704  0.0468409  -0.0140925  -0.235077  
0.00108966  0.00274874  0.000126049  0.0406232  0.000861106  -0.225935  
0.00108498  0.00267253  8.02034e-05  0.0339469  -0.0412727  -0.216516  
0.00107496  0.00246684  -1.65953e-05  0.0394371  -0.0838498  -0.200412  
0.000789  0.00239776  -0.000140495  0.0402847  -0.0419514  -0.212965  
0.00103069  0.00239379  8.20032e-05  0.0399101  0.00447021  -0.22099  
0.0013357  0.00286297  5.1663e-05  0.0380882  0.004407  -0.221164  
0.00162052  0.00259974  0.000215278  0.0285385  -0.0680571  -0.222675  
0.00147918  0.00216477  5.16471e-05  0.0366659  -0.101011  -0.188868  
0.00157199  0.00229015  0.000134355  0.0407498  -0.0623114  -0.207318  
0.00127056  0.00246052  -4.30521e-05  0.0426435  -0.00947894  -0.219795  
0.00147863  0.00262579  -0.000113544  0.0377726  -0.00854245  -0.208042  
0.00165277  0.00265543  -0.000100645  0.0385269  -0.0160923  -0.208254  
0.00183811  0.00271463  0  0.0305111  -0.034802  -0.189974  
